
4
46
47
52
108
111
121
137
142
143
144
145
146
186
197
252
253
273
291
293
315
323
326
332
382
385
406
416
470
487
488
494
495
497
498
525
526
527
528
531
596
602
604
614
619
620
621
622
645
651
652
653
654
659
661
662
663
664
665
672
673
674
676
973
989
990
991
1011
1052
1093
1097
1110
1115
1116
1118
1119
1140
1141
1142
1143
1144
1145
1146
1147
1159
1160
1161
1162
1164
1598
1805
1835
2005
2043
2044
2045
2070
2071
2072
2411
2527
2532
2533
2550
2648
2649
2650
2666
3018
3019
3020
3561
3615
3940
3967
3974
3996
3997
4184
4186
4195
4196
4197
4355
4356
4357
4358
4370
4404
4405
4463
4663
4672
5088
5312
5354
5383
5507
5656
5657
5663
5711
5712
5713
5723
5903
5990
5991
6138
6735
6769
6770
6805
6806
6807
6845
7046
7328
7470
7510
7511
7512
7513
7514
7897
7993
8028
8029
8179
8194
8237
8284
8285
8287
8289
8290
8399
8514
8551
8660
9311
9334
9364
9790
9949
10017
10088
10239
10749
10752
10795
10798
10809
10859
10860
10861
10862
10863
10864
10930
10931
10932
10933
11270
11457
11683
11684
11687
11688
11691
11828
11902
11903
12179
12180
12225
12256
12287
12288
12289
12290
12328
12329
12361
12540
12730
13245
13247
13295
13312
13333
13348
13349
13419
13486
13489
13542
13725
13727
13728
13801
13822
13857
13858
13859
13865
13892
13893
13894
13895
14087
14186
14187
14302
14305
14306
14307
14322
14364
14387
14388
14389
14396
14495
14519
14531
14557
14558
14559
14560
14561
14564
14582
14624
14703
14750
14764
14802
14817
14826
14827
14854
14856
14885
14892
14999
15046
15078
15108
15139
15225
15271
15587
15588
15700
16011
16046
16323
16360
16658
16675
16818
17298
17518
17530
17532
18365
18380
18381
18382
18442
18443
19016
19193
19271
19272
19273
19784
19928
20204
20381
20568
21024
21168
21256
21257
21258
21274
21291
21533
21745
21918
21924
22020
22023
22026
22027
22121
22173
22214
22220
22229
22260
22469
22623
22624
22817
22883
22884
22885
22917
22918
22978
23195
23280
23281
23288
23289
23290
23351
23590
23685
23771
23949
23950
23975
24000
24259
24305
24306
24307
24308
24309
24845
25170
25232
25459
25607
25627
25780
25799
25940
25989
26016
26079
26138
26142
26149
26364
26378
26708
26767
27034
27233
27386
27533
27669
27722
27759
27763
27764
27766
27767
27918
27921
27922
28106
28108
28110
28111
28112
28114
28136
28408
28409
28662
28663
28814
28827
29120
29609
29712
30002
30670
30671
30672
30673
31473
33686
33918
33980
34315
34785
34929
35534
35679
35802
36128
36227
36228
36256
36504
36539
36540
36613
39418
41210
41217
41218
41219
41565
41705
41708
42541
